{
  "advancedEditorSelectedIdentifier" : "StatisticsPluginID",
  "openSceneRelativePaths" : [
    "Scene.usda",
    "Materials\/GridMaterial.usda",
    "Sakaosan.usda"
  ],
  "recentIdentifiers" : {
    "2E3FBEA6-3AAB-4F99-8DB5-7F3FFA7B6878" : [

    ],
    "6CB15529-E694-417E-8625-47DDFA29EB56" : [

    ],
    "90C576A0-F90A-43B8-9998-14918A66F863" : [

    ]
  },
  "sceneCameraHistory" : {
    "2E3FBEA6-3AAB-4F99-8DB5-7F3FFA7B6878" : [
      {
        "date" : 729418956.708146,
        "title" : "Untitled",
        "transform" : [
          0.2596943,
          -1.3717397e-08,
          0.96569085,
          0,
          -0.21077624,
          0.9758897,
          0.056682117,
          0,
          -0.9424077,
          -0.21826471,
          0.253433,
          0,
          -2.172539,
          0.4005322,
          0.44636172,
          1
        ]
      },
      {
        "date" : 729418954.94166,
        "title" : "Untitled",
        "transform" : [
          0.2596943,
          -1.3717397e-08,
          0.96569085,
          0,
          -0.21077624,
          0.9758897,
          0.056682117,
          0,
          -0.9424077,
          -0.21826471,
          0.253433,
          0,
          -2.172539,
          0.40053225,
          0.4463619,
          1
        ]
      },
      {
        "date" : 729418944.54128,
        "title" : "Untitled",
        "transform" : [
          0.25969443,
          4.7283915e-09,
          0.9656909,
          0,
          -0.21077624,
          0.9758896,
          0.05668212,
          0,
          -0.94240767,
          -0.21826468,
          0.25343308,
          0,
          -2.1844828,
          -0.260203,
          0.64228547,
          1
        ]
      },
      {
        "date" : 729418289.309251,
        "title" : "Untitled",
        "transform" : [
          1,
          0,
          0,
          0,
          0,
          0.8660254,
          -0.5,
          0,
          0,
          0.5,
          0.8660254,
          0,
          0.052951273,
          1.3494909,
          1.8515593,
          1
        ]
      },
      {
        "date" : 729418274.291139,
        "title" : "Untitled",
        "transform" : [
          1,
          0,
          0,
          0,
          0,
          0.8660254,
          -0.5,
          0,
          0,
          0.5,
          0.8660254,
          0,
          1.0930975e-08,
          0.09972353,
          0.19193785,
          1
        ]
      },
      {
        "date" : 729418268.823365,
        "title" : "Untitled",
        "transform" : [
          1,
          0,
          -0,
          0,
          -0,
          0.8660254,
          -0.5,
          0,
          0,
          0.5,
          0.8660254,
          0,
          1.0930975e-08,
          0.05698867,
          0.11791891,
          1
        ]
      },
      {
        "date" : 729418267.116061,
        "title" : "Untitled",
        "transform" : [
          1,
          0,
          0,
          0,
          0,
          0.8660254,
          -0.5,
          0,
          0,
          0.5,
          0.8660254,
          0,
          5.563446e-08,
          0.220345,
          0.447488,
          1
        ]
      },
      {
        "date" : 729408811.740538,
        "title" : "Untitled",
        "transform" : [
          1,
          0,
          -0,
          0,
          -0,
          0.8660254,
          -0.5,
          0,
          0,
          0.5,
          0.8660254,
          0,
          3.0733645e-08,
          0.12172322,
          0.2472018,
          1
        ]
      },
      {
        "date" : 729408809.867027,
        "title" : "Untitled",
        "transform" : [
          1,
          0,
          -0,
          0,
          -0,
          0.8660254,
          -0.5,
          0,
          0,
          0.5,
          0.8660254,
          0,
          2.9802322e-08,
          0.121723235,
          0.24720179,
          1
        ]
      },
      {
        "date" : 729334535.860033,
        "title" : "Untitled",
        "transform" : [
          1,
          0,
          0,
          0,
          0,
          0.8660254,
          -0.5,
          0,
          0,
          0.5,
          0.8660254,
          0,
          0.04594682,
          0.1344326,
          0.48425502,
          1
        ]
      }
    ],
    "6CB15529-E694-417E-8625-47DDFA29EB56" : [
      {
        "date" : 729407500.796404,
        "title" : "Untitled",
        "transform" : [
          0.99999994,
          0,
          0,
          0,
          0,
          0.8660254,
          -0.49999994,
          0,
          0,
          0.49999994,
          0.8660254,
          0,
          0,
          0.24195248,
          0.419074,
          1
        ]
      }
    ],
    "90C576A0-F90A-43B8-9998-14918A66F863" : [
      {
        "date" : 729401744.418616,
        "title" : "Untitled",
        "transform" : [
          0.99999994,
          0,
          0,
          0,
          0,
          0.8660254,
          -0.49999988,
          0,
          0,
          0.49999988,
          0.8660254,
          0,
          0,
          0.23021038,
          0.39873612,
          1
        ]
      },
      {
        "date" : 729332704.726837,
        "title" : "Untitled",
        "transform" : [
          0.99999994,
          0,
          0,
          0,
          0,
          0.8660254,
          -0.49999988,
          0,
          0,
          0.49999988,
          0.8660254,
          0,
          0,
          0.13431844,
          0.23264639,
          1
        ]
      },
      {
        "date" : 729332656.928172,
        "title" : "Untitled",
        "transform" : [
          0.99999994,
          0,
          -0,
          0,
          -0,
          0.8660254,
          -0.49999988,
          0,
          0,
          0.49999988,
          0.8660254,
          0,
          0,
          0.5189187,
          0.8987936,
          1
        ]
      }
    ],
    "921D0A73-3FCA-46DD-AB27-43E9ADFF5C5B" : [
      {
        "date" : 729502828.141944,
        "title" : "Untitled",
        "transform" : [
          0.94413984,
          2.5963091e-08,
          0.32954517,
          0,
          0.14970642,
          0.89085793,
          -0.42890579,
          0,
          -0.29357794,
          0.45428205,
          0.8410944,
          0,
          -0.59670836,
          1.887375,
          1.7052062,
          1
        ]
      },
      {
        "date" : 729502821.495741,
        "title" : "Untitled",
        "transform" : [
          0.9441398,
          8.446586e-09,
          0.3295451,
          0,
          0.1497064,
          0.89085793,
          -0.42890573,
          0,
          -0.2935779,
          0.45428205,
          0.84109443,
          0,
          -0.4817317,
          1.6555297,
          1.3501762,
          1
        ]
      },
      {
        "date" : 729502797.681132,
        "title" : "Untitled",
        "transform" : [
          0.97817475,
          1.0351243e-08,
          0.20778397,
          0,
          0.05221096,
          0.9679156,
          -0.24579124,
          0,
          -0.20111737,
          0.25127542,
          0.94679064,
          0,
          -0.37475324,
          1.3070698,
          1.7166679,
          1
        ]
      },
      {
        "date" : 729502788.808277,
        "title" : "Untitled",
        "transform" : [
          0.97817475,
          1.0351243e-08,
          0.20778397,
          0,
          0.05221096,
          0.9679156,
          -0.24579124,
          0,
          -0.20111737,
          0.25127542,
          0.94679064,
          0,
          -0.42209506,
          1.1526604,
          1.7475911,
          1
        ]
      },
      {
        "date" : 729502764.275028,
        "title" : "Untitled",
        "transform" : [
          0.30640224,
          9.436235e-09,
          0.95190215,
          0,
          0.47195753,
          0.8684341,
          -0.15191568,
          0,
          -0.8266642,
          0.4958047,
          0.26609012,
          0,
          -1.9504856,
          1.8557163,
          0.46717554,
          1
        ]
      },
      {
        "date" : 729502760.991994,
        "title" : "Untitled",
        "transform" : [
          0.30640224,
          9.436235e-09,
          0.95190215,
          0,
          0.47195753,
          0.8684341,
          -0.15191568,
          0,
          -0.8266642,
          0.4958047,
          0.26609012,
          0,
          -1.9504855,
          1.8557158,
          0.46717536,
          1
        ]
      },
      {
        "date" : 729502758.59974,
        "title" : "Untitled",
        "transform" : [
          0.3064023,
          1.2465323e-08,
          0.95190203,
          0,
          0.4719575,
          0.86843413,
          -0.15191573,
          0,
          -0.8266642,
          0.49580464,
          0.26609018,
          0,
          -5.540794,
          4.165387,
          1.7833672,
          1
        ]
      },
      {
        "date" : 729502756.516763,
        "title" : "Untitled",
        "transform" : [
          0.3064023,
          9.235438e-09,
          0.95190203,
          0,
          -0.061971456,
          0.99787855,
          0.01994762,
          0,
          -0.9498827,
          -0.06510278,
          0.30575228,
          0,
          -1.8015711,
          0.69298387,
          0.5797686,
          1
        ]
      }
    ],
    "D516F855-6A28-4C1D-9725-0599C47F8F63" : [
      {
        "date" : 729332660.146765,
        "title" : "Untitled",
        "transform" : [
          1,
          0,
          -0,
          0,
          -0,
          0.8660254,
          -0.5,
          0,
          0,
          0.5,
          0.8660254,
          0,
          0,
          0.25946033,
          0.44939855,
          1
        ]
      }
    ]
  },
  "selectedSceneRelativePath" : "Sakaosan.usda"
}