{
  "advancedEditorSelectedIdentifier" : "ShaderGraphEditorPluginID",
  "openSceneRelativePaths" : [
    "Scene.usda",
    "Neptune.usda",
    "Materials\/GridMaterial.usda"
  ],
  "recentIdentifiers" : {
    "2E3FBEA6-3AAB-4F99-8DB5-7F3FFA7B6878" : [

    ],
    "6CB15529-E694-417E-8625-47DDFA29EB56" : [

    ],
    "90C576A0-F90A-43B8-9998-14918A66F863" : [

    ]
  },
  "sceneCameraHistory" : {
    "2E3FBEA6-3AAB-4F99-8DB5-7F3FFA7B6878" : [
      {
        "date" : 729418956.708146,
        "title" : "Untitled",
        "transform" : [
          0.2596943,
          -1.3717397e-08,
          0.96569085,
          0,
          -0.21077624,
          0.9758897,
          0.056682117,
          0,
          -0.9424077,
          -0.21826471,
          0.253433,
          0,
          -2.172539,
          0.4005322,
          0.44636172,
          1
        ]
      },
      {
        "date" : 729418954.94166,
        "title" : "Untitled",
        "transform" : [
          0.2596943,
          -1.3717397e-08,
          0.96569085,
          0,
          -0.21077624,
          0.9758897,
          0.056682117,
          0,
          -0.9424077,
          -0.21826471,
          0.253433,
          0,
          -2.172539,
          0.40053225,
          0.4463619,
          1
        ]
      },
      {
        "date" : 729418944.54128,
        "title" : "Untitled",
        "transform" : [
          0.25969443,
          4.7283915e-09,
          0.9656909,
          0,
          -0.21077624,
          0.9758896,
          0.05668212,
          0,
          -0.94240767,
          -0.21826468,
          0.25343308,
          0,
          -2.1844828,
          -0.260203,
          0.64228547,
          1
        ]
      },
      {
        "date" : 729418289.309251,
        "title" : "Untitled",
        "transform" : [
          1,
          0,
          0,
          0,
          0,
          0.8660254,
          -0.5,
          0,
          0,
          0.5,
          0.8660254,
          0,
          0.052951273,
          1.3494909,
          1.8515593,
          1
        ]
      },
      {
        "date" : 729418274.291139,
        "title" : "Untitled",
        "transform" : [
          1,
          0,
          0,
          0,
          0,
          0.8660254,
          -0.5,
          0,
          0,
          0.5,
          0.8660254,
          0,
          1.0930975e-08,
          0.09972353,
          0.19193785,
          1
        ]
      },
      {
        "date" : 729418268.823365,
        "title" : "Untitled",
        "transform" : [
          1,
          0,
          -0,
          0,
          -0,
          0.8660254,
          -0.5,
          0,
          0,
          0.5,
          0.8660254,
          0,
          1.0930975e-08,
          0.05698867,
          0.11791891,
          1
        ]
      },
      {
        "date" : 729418267.116061,
        "title" : "Untitled",
        "transform" : [
          1,
          0,
          0,
          0,
          0,
          0.8660254,
          -0.5,
          0,
          0,
          0.5,
          0.8660254,
          0,
          5.563446e-08,
          0.220345,
          0.447488,
          1
        ]
      },
      {
        "date" : 729408811.740538,
        "title" : "Untitled",
        "transform" : [
          1,
          0,
          -0,
          0,
          -0,
          0.8660254,
          -0.5,
          0,
          0,
          0.5,
          0.8660254,
          0,
          3.0733645e-08,
          0.12172322,
          0.2472018,
          1
        ]
      },
      {
        "date" : 729408809.867027,
        "title" : "Untitled",
        "transform" : [
          1,
          0,
          -0,
          0,
          -0,
          0.8660254,
          -0.5,
          0,
          0,
          0.5,
          0.8660254,
          0,
          2.9802322e-08,
          0.121723235,
          0.24720179,
          1
        ]
      },
      {
        "date" : 729334535.860033,
        "title" : "Untitled",
        "transform" : [
          1,
          0,
          0,
          0,
          0,
          0.8660254,
          -0.5,
          0,
          0,
          0.5,
          0.8660254,
          0,
          0.04594682,
          0.1344326,
          0.48425502,
          1
        ]
      }
    ],
    "6CB15529-E694-417E-8625-47DDFA29EB56" : [
      {
        "date" : 729407500.796404,
        "title" : "Untitled",
        "transform" : [
          0.99999994,
          0,
          0,
          0,
          0,
          0.8660254,
          -0.49999994,
          0,
          0,
          0.49999994,
          0.8660254,
          0,
          0,
          0.24195248,
          0.419074,
          1
        ]
      }
    ],
    "90C576A0-F90A-43B8-9998-14918A66F863" : [
      {
        "date" : 729401744.418616,
        "title" : "Untitled",
        "transform" : [
          0.99999994,
          0,
          0,
          0,
          0,
          0.8660254,
          -0.49999988,
          0,
          0,
          0.49999988,
          0.8660254,
          0,
          0,
          0.23021038,
          0.39873612,
          1
        ]
      },
      {
        "date" : 729332704.726837,
        "title" : "Untitled",
        "transform" : [
          0.99999994,
          0,
          0,
          0,
          0,
          0.8660254,
          -0.49999988,
          0,
          0,
          0.49999988,
          0.8660254,
          0,
          0,
          0.13431844,
          0.23264639,
          1
        ]
      },
      {
        "date" : 729332656.928172,
        "title" : "Untitled",
        "transform" : [
          0.99999994,
          0,
          -0,
          0,
          -0,
          0.8660254,
          -0.49999988,
          0,
          0,
          0.49999988,
          0.8660254,
          0,
          0,
          0.5189187,
          0.8987936,
          1
        ]
      }
    ],
    "D516F855-6A28-4C1D-9725-0599C47F8F63" : [
      {
        "date" : 729332660.146765,
        "title" : "Untitled",
        "transform" : [
          1,
          0,
          -0,
          0,
          -0,
          0.8660254,
          -0.5,
          0,
          0,
          0.5,
          0.8660254,
          0,
          0,
          0.25946033,
          0.44939855,
          1
        ]
      }
    ]
  },
  "selectedSceneRelativePath" : "Neptune.usda"
}